Confusion Matrix:
X-Axis: Predicted labels (0-9)
Y-Axis: Actual labels (0-9)

          0     1     2     3     4     5     6     7     8     9  │ Class Acc.
   ┌──────────────────────────────────────────────────────────────┐
 0 │   961     0     1     2     0     3    10     2     1     0  │   98.1%
 1 │     0  1116     1     3     0     3     7     0     5     0  │   98.3%
 2 │     8     1   947    14     2     2    14    17    25     2  │   91.8%
 3 │     2     0     3   966     0    20     1     6     6     6  │   95.6%
 4 │     1     0     2     0   917     0    17     6     3    36  │   93.4%
 5 │     5     0     0    14     0   856    11     2     2     2  │   96.0%
 6 │     9     3     0     0     4    13   927     1     1     0  │   96.8%
 7 │     4     3    17     8     0     1     0   976     3    16  │   94.9%
 8 │     5     0     5    24     2    21     6     6   892    13  │   91.6%
 9 │     4     4     1     7     6    12     1    10     6   958  │   94.9%
   └──────────────────────────────────────────────────────────────┘
Acc│  96.2  99.0  96.9  93.1  98.5  91.9  93.3  95.1  94.5  92.7% │

Overall Accuracy: 95.16%